4294967279,66
4294967279,65
4294967279,196
4294967278,310
4294967279,62
267,7
267,6
4294967278,309
267,5
267,4
4294967279,373
4294967279,60
4294967279,59
4294967279,58
4294967279,56
4294967279,55
4294967279,53
4294967278,308
4294967279,362
4294967278,306
4294967278,305
4294967279,541
4294967278,188
4294967279,188
4294967278,187
267,8
4294967278,183
4294967278,186
4294967279,186
4294967278,185
4294967278,184
267,3
267,2
267,1
4294967278,371
4294967279,51
4294967279,50
4294967279,47
4294967279,45
4294967279,44
4294967279,42
4294967279,40
4294967279,38
4294967279,37
4294967279,36
4294967279,35
4294967279,33
4294967279,32
4294967279,29
4294967279,28
4294967279,27
4294967279,26
4294967279,25
4294967279,24
4294967279,23
4294967279,22
266,4
4294967294,1000
4294967279,297
4294967294,107
4294967294,1173
4294967294,393
4294967294,46
4294967294,389
4294967294,390
4294967294,114
4294967294,120
4294967294,115
4294967294,42
4294967294,37
4294967278,304
4294967278,351
4294967278,178
4294967278,177
266,8
266,3
266,2
266,1
4294967294,384
4294967294,184
4294967294,180
4294967294,182
4294967294,39
4294967294,40
4294967294,166
4294967294,24
4294967294,175
4294967294,173
4294967294,169
4294967294,183
4294967294,170
4294967294,127
4294967294,19
4294967294,104
4294967294,106
4294967294,160
4294967294,168
4294967294,162
4294967294,1414
4294967279,20
4294967279,296
4294967279,19
4294967279,17
4294967279,168
255,6
264,7
264,6
4294967279,165
255,1
264,1
4294967279,161
4294967279,16
4294967279,15
4294967279,13
4294967279,11
4294967279,10
4294967279,345
4294967279,363
251,4
4294967294,424
4294967279,292
4294967279,347
4294967294,479
4294967279,328
4294967279,365
251,1
265,7
249,4
4294967294,81
4294967294,478
4294967278,429
4294967279,553
4294967294,43
4294967294,437
254,4
254,5
264,5
261,5
4294967294,5
4294967294,1419
4294967294,1418
4294967294,51
4294967294,53
4294967294,52
4294967279,147
4294967294,76
4294967294,91
4294967294,87
4294967294,85
4294967294,1174
4294967294,1017
4294967294,419
4294967294,427
4294967279,146
4294967294,6
265,8
265,0
4294967294,83
4294967294,1415
4294967294,92
4294967294,88
4294967279,368
4294967279,371
4294967279,538
4294967279,0
4294967279,364
4294967278,428
4294967278,346
4294967278,0
251,6
254,6
250,4
255,4
255,5
252,4
4294967294,30
4294967294,1167
4294967294,1166
4294967294,1164
4294967294,1163
4294967294,1158
4294967294,1019
4294967294,992
4294967294,990
4294967294,989
4294967294,988
4294967294,987
4294967294,60
264,4
261,4
4294967294,50
4294967294,417
4294967294,12
4294967294,481
4294967294,1016
265,4
4294967294,9
257,4
4294967294,1098
4294967294,68
4294967294,11
4294967278,132
4294967278,131
4294967278,130
4294967278,129
4294967278,128
4294967278,127
4294967278,126
4294967278,125
4294967278,124
4294967278,123
4294967278,122
4294967278,121
4294967278,120
4294967278,119
4294967278,118
4294967278,117
4294967278,116
4294967278,115
4294967278,114
4294967278,113
4294967278,112
4294967278,111
4294967278,110
4294967278,109
4294967278,108
4294967278,107
4294967278,106
4294967278,105
4294967278,104
4294967278,103
4294967278,102
4294967278,101
4294967278,100
4294967278,99
4294967278,98
4294967278,97
4294967278,96
4294967278,95
4294967278,94
4294967278,93
4294967278,92
4294967278,91
4294967278,90
4294967278,89
4294967278,87
4294967278,86
4294967278,85
4294967278,84
4294967278,83
4294967278,82
4294967278,81
4294967278,80
4294967278,79
4294967278,78
4294967278,77
4294967278,76
4294967278,75
4294967278,74
4294967278,73
4294967278,72
4294967278,71
4294967278,70
4294967278,69
4294967278,68
4294967278,67
4294967278,66
4294967278,65
4294967278,64
4294967279,85
4294967279,82
4294967279,79
4294967279,77
4294967279,76
4294967279,71
4294967279,70
4294967279,69
4294967279,64
4294967279,63
4294967279,61
4294967279,57
4294967279,54
4294967279,52
4294967279,49
4294967279,48
4294967279,46
4294967279,43
4294967279,41
4294967279,39
4294967279,34
4294967279,31
4294967279,30
4294967279,21
4294967279,18
4294967279,14
4294967279,12
4294967279,9
4294967279,8
4294967279,7
4294967279,6
4294967279,5
4294967279,4
4294967294,1001
4294967294,186
4294967294,1175
4294967294,96
4294967294,94
4294967279,135
0,7
4294967294,93
4294967294,95
4294967294,22
4294967294,17
4294967294,99
4294967294,67
4294967294,482
4294967294,2
4294967294,0
